hub:
  world: world
  x: 10013.208579030821
  y: 70.0
  z: -9222.569761506558
  yaw: -87.2568359375
  pitch: 24.259193420410156
